84
104
101
32
99
114
105
115
112
32
109
111
114
110
105
110
103
32
97
105
114
32
102
105
108
108
101
100
32
116
129
32
112
97
114
107
145
115
32
115
117
110
108
105
103
104
116
149
151
116
101
114
154
156
104
114
111
117
172
181
130
103
111
108
100
101
110
32
153
97
118
101
115
44
131
97
115
116
142
144
97
32
119
161
109
32
103
108
111
119
32
111
198
148
101
220
121
157
206
32
105
174
116
184
99
129
100
46
10
67
104
151
100
179
194
108
97
185
233
145
110
155
114
97
194
97
215
143
187
209
142
100
226
160
157
200
187
147
149
111
111
116
204
101
112
165
132
168
232
226
97
103
146
110
204
256
98
243
110
107
101
174
111
102
149
253
153
242
101
197
199
235
78
296
114
98
121
201
208
99
184
112
153
166
97
289
252
32
98
193
232
201
115
104
161
277
32
113
117
105
288
131
111
110
220
115
312
105
330
164
187
121
166
105
112
112
180
104
268
329
102
102
101
101
201
119
250
342
180
115
110
185
108
339
142
166
99
161
198
115
235
66
147
100
273
238
114
343
155
219
178
129
97
100
201
100
161
205
255
316
116
119
350
194
157
130
98
250
110
232
199
337
105
291
99
101
153
394
334
255
392
145
114
133
118
253
218
291
208
110
101
217
383
121
235
73
174
210
165
208
115
402
417
149
117
152
414
195
400
130
251
155
115
105
109
309
130
106
111
304
209
129
179
32
222
178
339
192
116
146
108
201
102
183
212
408
114
117
204
170
407
179
398
230
256
259
204
251
174
104
117
212
290
256
99
228
447
115
350
109
180
471
321
114
138
141
122
130
343
114
349
99
116
360
227
391
158
138
487
110
116
235
